image: map.pgm
resolution: 1.000000
origin: [-7.000000, -10.000000, -nan]
negate: 0
occupied_thresh: 0.65
free_thresh: 0.196

